00000000000
00000000000
00000000000
00000000000
00000000000
00000000000
00000100000
00000100000
00000100000
00000100000
00000101000
01100101000
01100101101
01101101101
01101101101
01101101101
01101101101
01101101101
00101100111
00001100110
00000100010
00000100010
00000100010
00000100010
00000100000
00000100000
00000100000
00000100000
00000000000
00000000000
00000000000
00000000000
00000000000
00010000000
00010000000
00010000000
00010000000
00010100000
00010100000
01010101000
01110101101
01111101101
01111101101
01111101101
01111101101
01111101101
01111101101
01111101101
01111101101
01111101111
01111111111
01111110111
00111110110
00010110110
00010110010
00010110000
00010100000
00010100000
00010000000
00010000000
00000000000
00000000000
00000000000
00000000000
00010000000
00010000000
00010000000
00010000000
00010101000
01110101100
01111101101
01111101101
01111101101
01111101101
01111101101
01111101101
01111101101
01111101101
01111101101
01111101111
01111111111
01111111111
01111111111
01111111111
00111110111
00111110110
00010110000
00010100000
00010100000
00010000000
00010000000
00000000000
00000000000
00000000000
00000000000
00010000000
00010000000
00010000000
01010101100
01110101100
01111101101
01111101101
01111101101
01111101101
01111101101
01111101101
01111101101
01111101101
01111101101
01111101111
01111111111
01111111111
01111111111
01111111111
01111111111
01111111111
01111110111
00111110100
00010100100
00010100000
00010100000
00010000000
00000000000
00000000000
00000000000
00000000000
00010000000
00010000000
00010001000
01110101100
01111101101
01111101101
01111101101
01111101101
01111101101
01111101101
01111101101
01111101101
01111101101
01111101101
01111111111
01111111111
01111111111
01111111111
01111111111
01111111111
01111111111
01111111111
01111110101
00111100100
00010100100
00010000000
00010000000
00000000000
00000000000
00000000000
00000000000
00010000000
00010001000
01110001100
01111101101
01111101101
01111101101
01111101101
01111101101
01111101101
01111101101
01111101101
01111101101
01111101101
01111101111
01111111111
01111111111
01111111111
01111111111
01111111111
01111111111
01111111111
01111111111
01111111101
00111100101
00010100100
00010100000
00010000000
00000000000
00000000000
00000000000
00000000000
00010001000
01010001100
01111001101
01111101101
01111101101
01111101101
01111101101
01111101101
01111101101
11111101101
11111101101
11111101101
11111101111
11111111111
11111111111
11111111111
11111111111
01111111111
01111111111
01111111111
01111111111
01111111111
01111111101
01111101101
00111100100
00010000100
00010000000
00000000000
00000000000
00000000000
00000000000
01010001000
01111001100
01111001101
01111101101
01111101101
01111101101
01111101101
01111101101
01111101101
11111100101
10111100111
10010100010
10010110010
10010110010
10010111010
11010111010
11111111111
01111111111
01111111111
01111111111
01111111111
01111111111
01111111101
01111101101
01111100101
00010100100
00010000000
00000000000
00000000000
00000000000
00000000000
01010001100
01111001100
01111101101
01111101101
01111101101
01111101101
01111101101
01111101101
00111100101
10011100011
10010000010
10010000010
10010010010
10010010010
10010010010
10010010010
11010011010
01111011011
01111011111
01111011111
01111011111
01111011111
01111011101
01111001101
01111000101
00111000100
00000000100
00000000000
00000000000
00000000000
00000001000
01000001100
01101001101
01101101101
01101101101
01101101101
01101101101
01101101101
01101100111
00101100011
10000000010
10000000010
10000010010
10000010010
10000010010
10000010010
10000010010
10000011010
01000011011
01111011011
01111011111
01111011111
01111011111
01111011101
01111001101
01111001101
01101000101
00000000100
00000000000
00000000000
00000000000
00000001000
01001001100
01101001101
01101101101
01101101101
01101101101
01101101111
01101101111
00101100111
00000100011
10000000010
10000010010
10000010010
10000010010
10000010010
10000010010
10000010010
10000010010
00010011010
01111011011
01111011111
01111011111
01111011111
01111011101
01111001101
01101001101
01101000101
00000000100
00000000000
00000000000
00000000000
01000000000
01001000100
01101000101
01101100101
01101100101
01101101111
01101101111
01101100111
00101100111
00000100011
10000010010
10000010010
10000010010
10000010010
10000010010
10000010010
10000010010
10010010010
00010011010
01010011011
01111011111
01111011111
01110011111
01110011101
01110001101
01100001101
01100000101
00000000100
00000000000
00000000000
00000000000
01000000000
01001000001
01101000001
01101100001
01101100001
01101100111
01101100111
01101100111
00101100111
00000100010
10000010010
10000010010
10000010010
10000010010
10000010010
10000010010
10000010010
10010010010
00010011010
01010011011
01110011111
01110011111
01110011111
01110011101
01100001101
01100001101
01100000101
01000000100
00000000000
00000000000
00000000000
01001000000
01001000001
01101000001
01101100001
01101100001
01101100011
01101100011
01101100011
00101100011
00000110010
10000010010
10000010010
10000010010
10000010010
10000010000
10000010000
10010000010
10010011010
00010011010
01110011010
01110011111
01110011111
01110011111
01100011101
01100001101
01100000101
01100000101
01000000101
00000000000
00000000000
00000000000
01001000000
01001000001
01101100001
01101100001
01101100001
01101100011
01101100011
01101100011
00100110011
00100110010
00000010010
00000010010
00000110010
00000110000
00000110000
00010100000
00010100010
00010111010
00010011010
00110011010
01110011111
01110011111
01110011111
01100011101
01100001101
01100000101
01000000101
01000000101
00000000000
00000000000
00000000000
01001000000
01001000001
01001100001
01101100001
01101100001
01101100011
01101100011
01101100011
00100110011
00100110010
00000110010
00000110000
00000110000
00000110000
00000110000
00010100000
00010101010
00010111010
00110111010
01110111010
01110111111
01110011111
01100011111
01100011101
01100000101
01100000101
01000000101
01000000101
00000000000
00000000000
00000000000
01001000000
01001000001
01001100001
01101100001
01101100001
01101100011
01101100011
01101110011
00100110011
00100110010
00100110000
00100110000
00000110000
00001110000
00011100000
00011101000
00011101010
00111111010
00111111010
01110111110
01110111111
01100111111
01100111111
01100011101
01100000101
01100000101
01000000101
01000000001
00000000000
00000000000
00000000000
01001000000
01001000001
01001100001
01001100001
01101100001
01101100011
01101110011
01101110011
00100110001
00100110000
00100110000
00101111000
00101111000
00101101000
00111101000
00111101010
00111101010
00111111010
00111111010
01111111110
01111111111
01100111111
01100111111
01100110101
01100000101
01000000101
01000000101
01000000001
00000000000
00000000000
00000000000
00001000000
01001000001
01001100001
01001100001
01001100001
01101110011
01101110001
01101110001
01100110001
00101110000
00101110000
00101111000
00101111000
00111101000
00111101000
00111101000
00111101010
00111111010
00111111110
01111111110
01101111111
01101111111
01101110111
01100110101
01000100101
01000000101
01000000101
01000000001
00000000000
00000000000
00000000000
00001000000
01001100001
01001100001
01001100001
01001100001
01001110001
01101110001
01101110001
01101110001
01101110000
00101110000
00101111000
00101101000
00111101000
00111101000
00111101000
00111101010
00111111110
01111111110
01111111110
01101110111
01101110111
01001110111
01001110101
01000100101
01000100101
01000000001
01000000001
00000000000
00000000000
00000000000
00001000000
01001100001
01001100001
01001100001
01001110001
01001110001
01001110001
01101110001
01101110001
01101110000
01101111000
00101101000
00111101000
00111101000
00111101000
00111101000
01111101110
01111111110
01111111110
01101111110
01101111111
01101110111
01001110111
01001110101
01001100101
01000100001
01000000001
01000000001
00000000000
00000000000
00000000000
00001000000
00001100001
01001100001
01001110001
01001110001
01001110001
01101110001
01101110001
01101110001
01101110000
01101001000
01101001000
01111001000
01111001000
01111001000
01111001100
01111001110
01111111110
01111111110
01101111110
01101111111
01101111111
01101111111
01001110101
01001100101
01001100001
01000100001
01000000001
00000000000
00000000000
00000000000
00001000000
00001100001
01001100001
01001110001
01101110001
01101110001
01101110001
01101110001
01101110001
01101010000
01101001000
01111001000
01111001000
01111001000
01111001100
01111001100
01111001110
01111011110
01101111110
01101111110
01101111111
01101111111
01101111111
01101111101
01101100001
01001100001
01000100001
01000000001
00000000000
00000000000
00000000000
00001000000
00001000001
00001010001
01101010001
01101010001
01101110001
01101110001
01101010001
01101010001
01101000000
01101000000
01111000000
01110000000
01110000100
01110000100
01110000100
01110001110
01111011110
01101011110
01101111110
01101111111
01101111111
01101111111
01101111001
01101101001
01101100001
01001100001
01000100001
00000000000
00000000000
00000000000
00001000000
00001010001
00001010001
00101010001
01101010001
01101010001
01101010001
01101010001
01101000001
01101000000
01110000000
01110000000
01010000100
01010000100
01010000100
01010000100
01010000110
01110010110
01100011110
01101011110
01101111111
01101111111
01101111011
01101111001
01101101001
01101101001
01101100001
01000100001
00000000000
00000000000
00000000000
00001010000
00001010001
00101010001
00101010001
00101010001
01101010001
01101010001
01101010001
01101000001
01100000000
01010000000
01010000100
01010000100
01010000100
01010000100
01010000100
01010000110
01000010110
01000010110
00101011110
01101111111
01101111011
01101111011
01101111001
01101101001
01101101001
01101101001
01001100001
00000000000
00000000000
00000000000
00001010000
00101010001
00101010001
00101010001
00101010001
00101010001
00101010001
01101000001
01101000001
01000000000
01010000100
01010000100
01010000100
01010000100
01010000100
01010000100
01010000110
00000010110
00000010110
00000011110
01101111011
01101111011
01101111011
01101111001
01101101001
01101101001
01101101001
01101100001
00000000000
00000000000
00000010000
00001010000
00101010001
00101010001
00101010001
00101010001
00101010001
00101010001
00101010001
00101010001
01010010100
01010010100
01010010100
01010010100
01010010100
01010010100
00010010100
00010010110
00000010110
00000010110
00000011010
01101111011
01101111011
01101111011
01101111001
01101111001
01101111001
01101111001
01101110001
00000010000
00000010000
00000010000
00001010000
00101010001
00101010001
00101010001
00101010001
00101010001
00101010001
00101010001
00101010101
00010010100
00010010100
00010010100
00010010100
00010010100
00010010100
00010010100
00000010110
00000010110
00000010010
00000010010
01101111011
01101111011
01101111011
01101111001
01101111001
01101111001
01101111001
01101110001
00000010000
00000010000
00000010000
00001010000
00101010001
00101010001
00101010001
00101010001
00101010001
00101010001
00101010101
00000010101
00010010100
10010010100
10010010100
10010010100
10010010100
10010010100
10010010100
10000010010
10000010010
00000010010
00000010010
01001111011
01101111011
01101111011
01101111001
01101111001
01101111001
01101111001
01101111001
00000010000
00000010000
00000010000
00001010000
00101010001
00101010001
00101010001
00101010001
00101110001
00101110101
00101110101
00011010101
00010010100
10010010100
10010010100
10010010100
10010010100
10010010100
10010010000
10000010010
10000010010
00000010010
01000010010
01001111011
01101111011
01101111011
01101111001
01101111001
01101111001
01101111001
01101111001
00000010000
00000010000
00000010000
00001110000
00101110001
00101110001
00101110001
00101111001
00101111101
00101111101
00101110101
00011010101
00010010100
10010010100
10010010100
10010010100
10010010100
10010010000
10000010000
10000010010
10000010010
00000010010
01000010011
01001111011
01101111011
01101111011
01101111001
01101111001
01101111001
01101111001
00101111000
00000010000
00000010000
00000010000
00000111000
00101111000
00101111001
00101111001
00101111101
00101111101
01101111101
01101110101
01111110101
00010010101
10010010100
10010010100
10010010100
10010010000
10010010000
10000010000
10000010010
10000010010
00000010010
01000011011
01101111011
01101111011
01101111011
01101111001
01101111001
01101111001
01101111001
00101110000
00000010000
00000010000
00000010000
00000111000
01101111000
01101111001
01101111101
01101111101
01101111101
01101111101
01101111101
01111110101
00010010101
10010010100
10010010100
10010010000
10010010000
10010010000
10000010000
10000010010
10000010010
00000010010
01000111011
01101111011
01101111011
01101111011
01101111001
01101111001
01101111001
01101111001
00101010000
00000010000
00000010000
00000000000
00000001000
01101101000
01101101001
01101101101
01101101101
01101101101
01101101101
01111101101
01111100101
00111100101
10010000100
10010000100
10010000000
10010000000
10010000000
10000000000
10000000010
10000010010
01000111011
01001111011
01101111011
01101111011
01101111011
01101111001
01101101001
01101101001
00101101001
00100000000
00000000000
00000000000
00000000000
00000001000
00100101000
01101101100
01101101101
01101101101
01101101101
01101101101
01111101101
01111101101
01111100101
10011100101
10010000100
10010000100
10010000100
10010000100
10000000100
10000000110
11000110110
01000111111
01101111111
01101111111
01101111111
01101111111
01101111101
01101101101
01101101101
00101101100
00100000100
00000000000
00000000000
00000000000
00000000000
00000001000
01101101100
01101101101
01101101101
01101101101
01101101101
01111101101
01111101101
01111101101
11111101101
10111100101
10010100100
10010100100
10000100100
10000100100
11000101110
11101111111
01101111111
01101111111
01101111111
01101111111
01101111111
01101111101
01101101101
01101101101
00101000100
00000000100
00000000000
00000000000
00000000000
00000000000
00000001100
01100101100
01101101101
01101101101
01101101101
01101101101
01111101101
01111101101
01111101101
01111101101
01111101101
01111101101
01111101101
01101101101
01101101101
01101101111
01101111111
01101111111
01101111111
01101111111
01101111111
01101111111
01101111101
01101101101
00101001100
00100000100
00000000100
00000000000
00000000000
00000000000
00000000000
00000000100
00000001100
01100101100
01101101101
01101101101
01101101101
01111101101
01111101101
01111101101
01111101101
01111101101
01111101101
01111101101
01101101101
01101101101
01101101111
01101111111
01101111111
01101111111
01101111111
01101111111
01101111111
01101111101
00101001101
00100000100
00000000100
00000000100
00000000000
00000000000
00000000000
00000000100
00000000100
00000000100
01000001100
01101101100
01101101101
01101101101
01111101101
01111101101
01111101101
01111101101
01111101101
01111101101
01111101101
01101101101
01101101101
01101101111
01101111111
01101111111
01101111111
01101111111
01101111111
01101111111
00101011111
00101000100
00000000100
00000000100
00000000100
00000000000
00000000000
00000000000
00000000100
00000000100
00000000100
00000000100
01000001100
01101101100
01101101101
01111101101
01111101101
01111101101
01111101101
01111101101
01111101101
01111101101
01101101101
01101101101
01101101111
01101111111
01101111111
01101111111
01101111111
01101111111
00101011111
00101010100
00000000100
00000000100
00000000100
00000000100
00000000000
00000000000
00000000000
00000000100
00000000100
00000000100
00000000100
00000000100
01000001100
01110001100
01111101101
01111101101
01111101101
01111101101
01111101101
01111101101
01111101101
01101101101
01101101101
01101101111
01101111111
01101111111
01101111111
01101011111
00101011111
00100010110
00000010100
00000000100
00000000100
00000000100
00000000100
00000000000
00000000000
00000000000
00000000100
00000000100
00000000100
00000000100
00000000100
00000000100
00010000100
01010001100
01111001101
01111001101
01111101101
01111101101
01111101101
01111101101
01101101101
01101101101
01101101111
01101011111
01101011111
00101011111
00101010110
00000010110
00000010110
00000010100
00000000100
00000000100
00000000100
00000000100
00000000000
00000000000
00000000000
00000000000
00000000000
00000000000
00000000000
00000000000
00000000000
00000000000
00000000000
00000000000
00000000000
01000001000
01101001001
01101001001
01101001001
01101001001
01101001001
00101001001
00101000001
00000000000
00000000000
00000000000
00000000000
00000000000
00000000000
00000000000
00000000000
00000000000
00000000000
00000000000
00000000000